.Random.seed <-
c(403L, 10L, 127634680L, 920197158L, -323974847L, -537803053L, 
2118053506L, 949867700L, -1188131785L, -623841491L, 666086468L, 
1186967914L, -1435488811L, 847088495L, -1819446666L, 304997792L, 
-1271254429L, -1015123199L, -137532816L, -1970436594L, 481611385L, 
1685363211L, -958049478L, 1877895740L, 2033412479L, -1460772139L, 
-2094435604L, -913824702L, -965076067L, -303009257L, -471758978L, 
-391600840L, -933645797L, -184861831L, -8888888L, 1021010422L, 
340128817L, -909932957L, 734804530L, 1662281604L, -1343351353L, 
-2044298083L, 1996569620L, -930948422L, 2030304005L, 215261407L, 
-1398883994L, -1895863056L, 637769747L, 704531889L, 696764512L, 
1340425726L, 1296281993L, -1835981125L, 227271306L, -1536557716L, 
1294486255L, 402421029L, -1161821220L, 445886898L, -71208787L, 
-927416217L, -1652447346L, -1282256792L, 431094891L, 1081288201L, 
-910210920L, -1780960314L, 1601652513L, 1042113459L, -1362162910L, 
-2052735724L, -1475170921L, -397011571L, -844581724L, -324299126L, 
-479425291L, -1487858865L, -2077897642L, 241422080L, 1888700995L, 
-1805389343L, -1610066608L, 1205275566L, 1797613913L, -453961877L, 
1397106394L, 466397084L, -451036257L, -1374445067L, -1128639348L, 
-1955185310L, -290131651L, 2097650103L, 711482974L, 488273816L, 
879621883L, 1081802393L, -2100451544L, -1981555242L, 849117777L, 
-1711367933L, 830952594L, -1032017372L, 1606186215L, 2066508093L, 
-782549580L, -356367846L, 1654884709L, -310659073L, -734925178L, 
-68438512L, -163238733L, -1424840879L, 951290624L, 1153839582L, 
1767004713L, 1127782875L, -352565526L, -644602740L, -1148326961L, 
1124082565L, 1584967740L, 2045477138L, 1248740877L, 1184388423L, 
-1564115154L, 868831880L, 1560425355L, 243032937L, 1734925624L, 
1101131750L, -2040879231L, 284950291L, -399390526L, 1296917364L, 
897281911L, -218163091L, 2129540868L, -251427286L, -685937771L, 
-2085777361L, -1006982858L, -1800713888L, 1473300387L, -1536683839L, 
2096980144L, -98160690L, -221715655L, -1904071861L, 649330938L, 
-1667433988L, -2145609153L, 1714974485L, -1477215188L, 2139038978L, 
493899229L, 1369001175L, -1253091394L, 1054736888L, 182760923L, 
-1756177351L, 1763143048L, 2139138358L, 12727153L, -1668501085L, 
1835838706L, -320966588L, -785931513L, 2146398941L, 913202132L, 
1193876218L, 76217925L, -2004506977L, -1866515418L, -744056656L, 
480207187L, -2005738383L, 1036362144L, 1567554878L, -763208631L, 
-1419013L, -89452342L, 1900095020L, 651196975L, -602311963L, 
49694620L, -850415118L, -1143874451L, -278712921L, -694642738L, 
-1649167064L, 1535600427L, -57742007L, -852266408L, 1823656710L, 
519972577L, 49459827L, -530416926L, 1614464596L, 954781527L, 
-851778739L, -1383627036L, 80053962L, 1238681397L, -926208625L, 
1065486998L, -681172416L, 1181197059L, -822668511L, -674786288L, 
-912329746L, 1280476057L, 1830239275L, 1679264026L, -1183126564L, 
-1731146273L, 1860852149L, -1634453684L, 1537879458L, 2027896061L, 
-377085449L, 1883778846L, -1642221096L, 1015327547L, 1854299353L, 
2080018536L, -796150378L, 1472630033L, -1949904728L, 1773674572L, 
2090448764L, -1930253006L, -1255240080L, 671307588L, 1068821464L, 
-1906006150L, -86358992L, 178227132L, 1007835732L, 964851778L, 
83478176L, 1000395452L, 1171197904L, -2082786974L, 1172171496L, 
-1483453236L, -234272260L, 590606834L, 1061943424L, 1076100596L, 
-266048888L, -800430278L, 1874141520L, -1834909588L, 1588487572L, 
-287738798L, 1503244768L, -158928692L, 1245526688L, -1743652478L, 
11472104L, 1561989868L, -2137638596L, -1304791950L, -666485136L, 
23086628L, 682797112L, -1656761062L, -995749680L, -47563460L, 
-746422380L, 2080505730L, 629415872L, -286865860L, -1844639344L, 
386442274L, -274204408L, 1280898188L, -971971812L, -758294382L, 
-1373550208L, -278504428L, -602955992L, 1288881722L, 894808528L, 
1293955436L, 1005500340L, -1781613038L, 1582113760L, -370219572L, 
-1073511200L, 1516245026L, 33191720L, -821250548L, -1012788420L, 
1645081586L, 386951920L, -690476476L, 1653286488L, -1375029446L, 
2072548336L, -2045417796L, 1730880788L, -225644350L, 2011634784L, 
1703360892L, -725461040L, -1886725854L, 1619685032L, 1342110604L, 
-389751620L, -1008287950L, -1550204352L, 1597449396L, 2049705032L, 
-563127878L, 21970448L, -1764325140L, 801888596L, 1044027154L, 
-1289161312L, 1663408844L, -1460201888L, 1962459074L, 826270504L, 
-676909652L, -965676740L, -131211406L, -4472528L, -1571139804L, 
-613243592L, 1894079194L, 335267728L, -699657476L, -1286385772L, 
-1369520062L, 1635368192L, -1523536836L, 12168528L, -1789568862L, 
-434014392L, 1036826380L, -1925035300L, 238842706L, 1687499392L, 
-311879596L, 1698556904L, 64681722L, -421303984L, 1895220012L, 
-1737504908L, 957408146L, 861271648L, 631943052L, -1159441568L, 
411011042L, -2044428376L, 341957836L, 2147356156L, 288746418L, 
1284164080L, 932276676L, -182673064L, -195803782L, -806604368L, 
-1556049988L, 1590988884L, -2062179390L, 1793295392L, -733782852L, 
-1777739184L, -692617246L, -1589242264L, -1859298740L, 694608124L, 
-952995854L, -2048795392L, -199477388L, 289300488L, 481043898L, 
96632272L, 1932133356L, -1637826668L, 855391186L, 437745504L, 
1527440716L, -333427424L, -1456028798L, -610583832L, 2138137836L, 
-1893373380L, -369079438L, -434738576L, -1596491740L, 690456376L, 
127954074L, -1790102832L, 1847591100L, -1318594924L, -64510334L, 
1450122432L, -598642372L, -1938165616L, -469128670L, -16783864L, 
1438007564L, 1489359516L, -2058359278L, 876998016L, 330505748L, 
-19851736L, -1377032902L, -718125104L, -499395988L, 1849272116L, 
-356752750L, 1436367200L, -120778420L, -1683394592L, -1344266334L, 
1898100648L, 1496779660L, -526735684L, 40455026L, 417773808L, 
1378031684L, -319955624L, -986016710L, 1365803888L, 281609276L, 
-1552078060L, -1373255230L, -1782906656L, -393169028L, -869622064L, 
-1927346526L, 834454568L, -629102324L, -510364740L, 1852210482L, 
-33071168L, -456682956L, 1745558472L, 1336124602L, 548728720L, 
185390572L, -381075372L, -1383850350L, -81167584L, -1705996852L, 
-1133102112L, 1316356802L, -777020888L, -1885094228L, -2012032324L, 
-314450023L, -1246939218L, 2112044220L, 1711322413L, -1239030057L, 
-1676562656L, 1137551486L, 1314688587L, -948919219L, -1137825158L, 
1187136184L, -497469343L, 856197651L, -75833292L, 1699176002L, 
1342978647L, 1212352929L, 1670597222L, -95954332L, -1036408427L, 
1469432511L, -469525928L, -734228874L, 432837251L, 795829957L, 
128701410L, 2038615632L, 2022947705L, 19779755L, 1025767452L, 
1975097162L, 1189572415L, 880095625L, -1588547170L, -1006557108L, 
24732189L, -2063741017L, -1476959536L, 1237972078L, 1811426075L, 
-632822659L, 1294482026L, -202241272L, -1046740047L, 149357603L, 
1262791972L, -808474158L, -650135001L, -417504143L, -1044874570L, 
-838769068L, 349276901L, -1595980049L, 29823528L, -268847482L, 
-802078541L, 1344722453L, -715351950L, 1390822592L, 1329453353L, 
1288429467L, 495138924L, -1371263878L, -656181841L, 2145121465L, 
1846656718L, -1199997924L, -1183195251L, 2035186167L, 1954745600L, 
985000798L, 280722475L, 220771117L, 1608474522L, 568888664L, 
687988929L, 418291571L, -707304300L, -642051806L, 791179319L, 
1255801089L, -1320438778L, -793341372L, 174971765L, -1670594849L, 
-306689480L, 1514586646L, 1620473379L, 563519973L, 1955049474L, 
889571952L, -1508900839L, -1088628213L, -1580338948L, -236196566L, 
-1112411297L, 1809253097L, 1327172094L, -1681697300L, 741139773L, 
-2004480761L, 390114544L, -795004786L, -423179589L, 1695195805L, 
1765291594L, -1964573592L, 334926929L, 1288257347L, 1929423428L, 
1222764786L, 596055239L, -1949487471L, -2073497578L, -1482769804L, 
-319161083L, 1787147087L, 1879039304L, 2057261286L, -1995454957L, 
-1896113803L, -1179558574L, -1693987424L, -307676023L, 1523715259L, 
-1730273524L, -1185614182L, -1817465841L, -1348982695L, -648821522L, 
1769324412L, -799855635L, 1345180823L, -1523703968L, -928704706L, 
1060947979L, -1743916915L, 765258170L, 635832312L, 1291723681L, 
717725011L, 1189991540L, -1425914366L, 439457943L, -195278239L, 
